0.75317 0.0260907 -0.149748
0.682082 -0.150136 0.176045
0.587947 -0.162709 0.0780109
0.704711 0.0499406 -0.0360655
0.625512 0.00152304 0.22738
0.627451 0.0674366 0.124612
0.664983 0.00329978 0.0160898
0.754306 -0.0606145 0.130574
0.597768 0.111155 -0.0432369
0.624505 0.0518193 -0.0888081
0.649388 0.01031 0.0383846
0.621648 0.137596 0.0342827
0.725988 0.0865128 -0.0544555
0.681874 -0.0912907 0.0400148
0.694019 0.0172553 -0.0458364
0.687925 0.251905 0.292228
0.687236 0.0568283 -0.174256
0.659492 0.0341847 -0.0387784
0.72744 0.0658614 0.166852
0.674184 0.0191012 0.00564315
0.510135 0.185277 0.0831368
0.718242 0.0517332 -0.016715
0.646877 -0.00954657 0.265103
0.690895 0.0565585 0.131974
0.597401 0.0281519 0.0197084
0.776742 0.159871 -0.0218521
0.645921 0.115654 -0.0962809
0.645765 -0.0875412 0.0849854
0.677262 0.175139 0.107738
0.610825 0.059464 0.0492168
0.738962 -0.0155799 -0.0305181
0.698503 0.121252 -0.00094698
0.708548 0.172922 -0.0558663
0.724423 -0.0046609 0.137361
0.655881 0.136426 0.0967744
0.589924 0.0991941 0.107914
0.677997 -0.0440932 -0.142423
0.786311 0.356852 0.264305
0.603358 0.0167575 0.0281203
0.690038 0.0426284 0.0896256
0.624712 0.125405 0.0596975
0.656072 0.0260194 -0.0694296
0.719499 0.0669203 0.162064
0.553838 -0.0277525 0.00838223
0.657262 0.0631011 -0.00164736
0.639438 0.0532152 -0.0555839
0.61534 -0.0355063 -0.0202636
0.673909 -0.09274 -0.0132414
0.623632 0.0664616 -0.12061
0.694696 0.370602 -0.162479
0.538657 0.0328202 0.0648559
0.625042 0.0831678 -0.0150916
0.672393 0.187816 -0.160686
0.682198 0.0591388 0.030813
0.601512 0.150202 -0.151875
0.772992 0.236173 0.129528
0.648886 0.202535 -0.0387125
0.691366 0.202423 0.00665514
0.714886 0.0997059 -0.014981
0.720517 0.317665 0.106195
0.708029 0.191946 0.0377263
0.674634 0.11211 -0.144365
0.657689 0.0768934 -0.138668
0.714546 0.106638 0.183294
0.61219 0.0466051 0.104366
0.615294 -0.207125 -0.12693
0.657961 -0.00818699 -0.055824
0.635461 -0.00905594 0.105007
0.66323 0.113535 0.0497195
0.723436 0.0961647 -0.116978
0.687322 0.196595 0.0913494
0.632825 0.209033 0.127416
0.695156 0.0816676 0.021538
0.667043 0.021307 0.243517
0.670066 0.284828 0.269927
0.617662 0.164802 0.127015
0.726296 0.174499 0.187212
0.517476 -0.00607688 0.0581138
0.665928 0.106916 0.0812973
0.589527 0.0251657 -0.0256917
0.566264 0.0602321 0.173866
0.620069 0.0948227 -0.0359514
0.529113 0.151898 0.133277
0.643953 0.177697 0.0268191
0.685499 0.215012 0.0138169
0.6788 0.195493 0.0331477
0.635131 -0.102927 -0.119222
0.720596 -0.00586909 0.0783326
0.598171 0.122413 0.0974533
0.564445 0.153195 -0.0444161
0.653475 0.00197472 -0.0804064
0.722144 0.193329 -0.0670546
0.678091 0.0325071 -0.0182814
0.643318 0.075981 0.160197
0.633869 0.235026 0.1381
0.718553 0.219175 0.0166633
0.710363 0.0188514 -0.0209995
0.665682 -0.0940357 -0.109615
0.644943 -0.0093314 -0.0128022
0.721456 0.175199 0.0760579
0.679627 0.015011 0.150807
0.606706 0.0862725 -0.046918
0.640033 0.0820784 -0.0277643
0.74781 -0.0896611 -0.216115
0.669264 -0.0436621 0.0946448
0.600519 -0.0360816 0.160683
0.659479 0.103092 0.141629
0.661165 0.132189 -0.280563
0.649328 -0.096736 -0.0718739
0.660613 -0.128226 -0.0769862
0.654774 -0.187031 -0.0298778
0.670222 -0.0555755 0.111133
0.649675 0.146985 -0.140849
0.662301 0.00128078 0.092559
0.648811 0.214321 -0.18118
0.640956 0.0947397 0.178087
0.674217 0.116111 0.208804
0.640785 -0.0455411 -0.118711
0.684581 0.136823 -0.0310181
0.535221 0.105568 0.0501072
0.648169 0.0344165 0.00188993
0.647691 0.00674451 0.0675098
0.660784 0.00211476 0.137961
0.62597 -0.0845516 -0.0916264
0.534492 -0.00541621 -0.018487
0.77846 -0.0176088 0.146643
0.669094 0.0874789 0.0641836
0.64031 -0.0172797 0.0620142
0.659659 0.0531375 -0.139646
0.685863 0.014221 0.116403
0.665721 0.193083 0.042885
0.649692 0.0434561 -0.0207269
0.650458 0.18759 0.0107537
0.69719 0.178141 0.118895
0.656149 -0.0774919 0.0791407
0.678893 0.187146 0.216589
0.713087 0.0737956 0.0377702
0.683825 0.15638 0.0531895
0.640969 0.213879 0.169987
0.669288 0.178928 0.209943
0.72002 0.0117072 -0.161872
0.645911 0.0918556 0.0535003
0.616778 0.0592709 0.0720876
0.670981 0.116513 -0.0798728
0.565073 0.208447 0.0890817
0.679603 0.163655 0.014996
0.621824 0.0950665 0.0460254
0.669932 0.0885231 0.162694
0.690471 -0.22856 0.0657056
0.677526 0.0971432 0.0550576
0.629352 -0.103802 0.0162298
0.722714 0.191791 0.0530398
0.676081 -0.00348155 -0.224422
0.718217 0.287974 -0.0567771
0.601894 0.0637605 0.00972522
0.6822 0.107429 0.187302
0.620535 0.035622 -0.0892262
0.649065 -0.0544458 0.138087
0.689482 0.335312 0.126158
0.686763 0.0311121 0.0506146
0.626438 0.0495856 -0.00610757
0.656967 0.0506951 -0.0571582
0.660963 0.154968 -0.0976288
0.627696 -0.123284 -0.0629417
0.671251 0.129857 -0.00299825
0.740207 0.0562339 0.129817
0.659555 0.20257 -0.119605
0.62952 -0.00983591 -0.00950994
0.613186 -0.0901156 -0.0113939
0.608719 -0.000813423 0.0448246
0.672056 -0.0866461 -0.0634377
0.656048 0.119282 -0.0207033
0.664291 0.0374149 -0.174159
0.649334 -0.134186 0.017811
0.678694 0.151529 -0.0188186
0.591552 0.0520368 0.119924
0.702679 -0.0524023 -0.0744077
0.622493 0.309078 -0.02965
0.670343 0.0852946 0.112081
0.54718 -0.0745609 -5.72285e-005
0.551662 -0.0676652 0.0139556
0.550103 -0.00816124 -0.0335346
0.647073 -0.0134022 0.171237
0.634475 0.131463 0.00358416
0.710326 -0.0752876 0.00225222
0.672367 0.0115948 -0.125215
0.691585 0.0730876 0.128946
0.690519 0.170818 0.0890615
0.690235 0.0538615 0.0305739
0.639824 0.134372 0.0688148
0.65635 -0.0414053 0.10704
0.56353 0.00498381 0.044856
0.790303 0.0281908 -0.12248
0.617318 -0.125462 -0.0901155
0.670654 0.101682 -0.029917
0.605113 -0.0526643 0.127345
0.680201 -0.0192105 0.040083
0.704764 -0.139352 0.0545254
0.61574 0.11184 -0.131434
0.64731 0.20396 0.107533
0.612548 -0.00347721 0.0139842
0.608794 0.0739091 -0.0308542
0.621817 0.211527 0.159631
0.518721 0.142375 0.0473534
0.680028 -0.0235055 0.0788842
0.692402 0.150372 0.0273052
0.691647 -0.0165309 -0.0784638
0.664743 0.0304402 -0.05008
0.691647 -0.0165309 -0.0784638
0.664743 0.0304402 -0.05008
0.6953 -0.00366964 -0.0490367
0.63694 -0.0153517 -0.0266667
0.709802 -0.0759772 -0.0303919
0.586805 -0.00747816 0.00268876
0.616392 0.0208797 -0.119363
0.600304 -0.00378672 -0.0350627
0.671263 -0.0347346 -0.0233799
0.667822 0.0977822 0.1139
0.618601 0.00222239 -0.0520207
0.652437 0.0267128 -0.0146826
0.656263 0.0189767 -0.0318951
0.621063 -0.0577659 0.0612304
0.622175 0.062787 -0.0946575
0.664425 -0.000598658 -0.00713814
0.725606 0.110152 0.0373316
0.671202 -0.0237891 0.101562
0.631971 -0.0197786 0.0295394
0.713197 -0.018088 0.119517
0.701151 -0.0267611 0.0423183
0.631124 0.00324287 0.06496
0.663066 -0.00488435 0.138657
0.664908 -0.0999949 -0.0649586
0.68411 -0.0487257 0.0506371
0.608506 0.0747268 -0.0536719
0.695008 -0.0682679 -0.0692054
0.58348 -0.054227 0.0332707
0.628343 -0.0552149 0.0214329
0.627556 0.0358341 -0.0468694
0.614315 0.0700136 0.0101462
0.628478 0.130788 0.0611758
0.659551 0.0523705 0.125184
0.6597 0.0865079 -0.0733464
0.680617 0.0239894 -0.151723
0.609581 0.0704251 0.0666662
0.675201 0.0524883 -0.186309
0.662032 0.00398092 0.0813372
0.614611 -0.0888999 -0.0425136
0.639482 -0.0396457 -0.064087
0.648679 -0.0167557 -0.0504545
0.607809 0.130707 -0.0352821
0.69864 0.116149 0.0810454
0.71831 0.0321727 0.149865
0.663855 0.0637252 -0.0554225
0.580312 -0.0140815 0.0768194
0.672929 0.0122617 -0.0738727
0.643245 0.0820339 -0.165079
0.65127 0.141205 0.0130428
0.624117 -0.0179643 -0.0492548
0.602163 0.0538268 0.173165
0.651203 0.213173 0.0693014
0.725885 0.00221929 -0.106641
0.691647 -0.213492 -0.10718
0.664743 -0.00404435 -0.0964061
0.6953 0.0246131 -0.0976154
0.63694 -0.0541088 -0.0899354
0.709802 -0.00396137 0.0623077
0.586805 0.0407599 -0.0540664
0.616392 0.160762 0.0568098
0.600304 -0.111228 0.0740985
0.671263 0.113384 -0.000755732
0.667822 0.231511 0.0691227
0.618601 0.0464079 0.051489
0.652437 0.0398742 -0.0990688
0.656263 0.0910434 -0.104336
0.621063 0.156547 -0.0596452
0.622175 0.0132295 0.133735
0.664425 0.198245 0.103918
0.725606 0.211402 0.108346
0.671202 0.113685 0.084051
0.631971 0.0107901 0.0732226
0.713197 -0.0234006 -0.00791645
0.701151 0.154994 -0.0187562
0.631124 -0.00920922 0.119362
0.663066 0.12811 -0.0675955
0.664908 0.150965 0.0610294
0.68411 0.0502629 -0.019907
0.608506 0.19665 0.0883636
0.695008 0.188866 0.136889
0.58348 0.0510205 -0.0911292
0.628343 0.218413 -0.024153
0.627556 0.200592 -0.0702441
0.614315 0.208746 0.100487
0.628478 0.14244 0.121324
0.659551 0.0781321 0.0233699
0.6597 0.132152 -0.0248065
0.680617 0.0806714 0.177516
0.609581 0.122917 0.0461177
0.675201 0.286214 0.125116
0.662032 0.045002 0.0750335
0.614611 0.266811 0.167039
0.639482 0.171251 0.153704
0.648679 0.161039 0.210618
0.607809 0.277411 0.0124212
0.69864 0.133359 0.0604353
0.71831 0.172829 0.0374993
0.663855 0.264768 0.215084
0.580312 0.169661 0.14222
0.672929 0.0611195 0.0991873
0.643245 0.126101 0.21495
0.65127 0.320083 0.20878
0.624117 0.33279 0.110091
0.602163 0.00421517 0.172519
0.651203 0.218302 0.284772
0.725885 0.190167 0.149548
